-0.05736555904150009
0.011179338209331036
-0.07759538292884827
0.11341113597154617
0.01583031378686428
0.056549157947301865
0.04897119477391243
0.03034006617963314
0.12057612836360931
-0.05148755759000778
0.06389206647872925
0.048924822360277176
0.017608225345611572
0.030972199514508247
-0.07868808507919312
0.10456335544586182
0.07481158524751663
-0.0521828792989254
-0.019453339278697968
0.08631575852632523
0.09734764695167542
0.1798170655965805
-0.11188633739948273
-0.05124078691005707
-0.02942928485572338
0.21838867664337158
0.06462866812944412
0.033317651599645615
0.012525243684649467
-0.0114459078758955
0.05195574462413788
0.06377314776182175
0.09222210943698883
-0.010807840153574944
0.06542953848838806
0.13954348862171173
-0.08306466788053513
0.042599890381097794
-0.012303062714636326
-0.03537037596106529
0.003145562717691064
0.03854525089263916
0.04315626621246338
-0.05861499905586243
0.10036109387874603
-0.05891731008887291
0.1289372444152832
-0.023042336106300354
-0.0063138180412352085
-0.07825133204460144
0.09039104729890823
-0.09768310934305191
0.05692702531814575
0.10699523240327835
0.05347040295600891
0.15549267828464508
0.015281802043318748
-0.01518975105136633
0.0182582326233387
-0.022769847884774208
0.06397434324026108
0.05671492591500282
0.09509029984474182
-0.05561679229140282
0.016033412888646126
0.07315395772457123
0.04242944344878197
-0.015318134799599648
-0.05117315798997879
0.017527714371681213
0.16387198865413666
0.025452835485339165
0.11151689291000366
0.08020733296871185
-0.037637896835803986
0.09462788701057434
0.04601554200053215
0.05205800384283066
-0.004861535970121622
-0.11797420680522919
0.09159622341394424
-0.06866743415594101
0.27247437834739685
-0.018025781959295273
0.004985066130757332
0.007144521456211805
-0.05396458879113197
0.03763006627559662
0.0046899584122002125
0.14770668745040894
0.03752213716506958
0.1388508379459381
-0.09205444902181625
0.06954249739646912
0.044450223445892334
-0.050734806805849075
-0.07644978165626526
-0.03170285001397133
0.0817815288901329
0.07241681963205338
0.01966431923210621
0.13696014881134033
-0.08608009666204453
0.07309798151254654
-0.11219505220651627
-0.05892249569296837
-0.041530609130859375
0.01711309887468815
0.004955142270773649
0.05824995040893555
-0.01635286770761013
-0.0205580722540617
0.0936221182346344
0.04354143515229225
0.17486529052257538
-0.034939154982566833
0.20836515724658966
-0.0967889055609703
0.060124438256025314
-0.008396166376769543
-0.004127898719161749
0.03700976446270943
-0.014451812021434307
0.06911853700876236
-0.0069601815193891525
0.11498367786407471
0.08557847887277603
-0.022816363722085953