-0.1427658647298813
0.1756201684474945
0.10926205664873123
-0.09611134231090546
-0.07106833904981613
-0.4923973083496094
-0.3510912358760834
-0.0392272062599659
0.11502058058977127
0.28887802362442017
-0.6628121733665466
-0.0557284876704216
-0.6270182728767395
0.13967138528823853
0.2902621924877167
-0.027939045801758766
-0.8369576930999756
-0.030069194734096527
0.02005382440984249
0.27007219195365906
-0.21165141463279724
0.03233950212597847
0.15498128533363342
0.08528688549995422
0.22424347698688507
-0.4406087398529053
-0.12928904592990875
0.10032487660646439
0.1750040352344513
-0.029014041647315025
-0.3418043851852417
0.21068669855594635
-0.22921444475650787
-0.13178208470344543
0.29341256618499756
0.3713212013244629
0.1289275586605072
-0.10032499581575394
0.17284175753593445
-0.4610148072242737
-0.14183422923088074
-0.09372802078723907
0.06004504859447479
-0.11992598325014114
-0.07962711155414581
-0.19113023579120636
0.15412810444831848
-0.15144048631191254
0.14676176011562347
0.11324524134397507
0.05174734443426132
0.1520938128232956
0.07815703004598618
-0.16027037799358368
-0.2825098931789398
0.07743373513221741
0.051542773842811584
0.05920260027050972
0.1663312017917633
-0.007162443827837706
0.2612273693084717
-0.034914545714855194
0.19769902527332306
0.011592038907110691
-0.4884698688983917
0.08525077253580093
0.1922130435705185
0.10111800581216812
0.19320200383663177
0.10437379777431488
-0.4209454357624054
0.1828550547361374
-0.4371306300163269
-0.27974575757980347
0.02053045481443405
0.5019693970680237
0.4249328672885895
-0.19284877181053162
-0.2714924216270447
-0.19724909961223602
-0.40854084491729736
-0.27649688720703125
0.05162061005830765
-0.4228188395500183
0.21908016502857208
0.07927309721708298
0.09827561676502228
0.10525587946176529
0.2795196771621704
-0.1527586728334427
-0.3418152928352356
0.12295449525117874
0.136806920170784
0.1618688702583313
-0.08499261736869812
-0.12490638345479965
0.06568951159715652
0.42220911383628845
-0.03899424895644188
-0.9277715682983398
-0.32229113578796387
0.12139076739549637
-0.11758601665496826
-0.3512468636035919
0.2603895664215088
0.08437232673168182
-0.4039391875267029
0.03158740699291229
0.13175585865974426
0.08298856765031815
0.369312584400177
0.7048198580741882
-0.3882688283920288
-0.487405002117157
0.18955673277378082
-0.36606013774871826
0.31651443243026733
-0.04858875274658203
-0.5930776596069336
-0.18606705963611603
-0.011219319887459278
-0.1611688733100891
-0.11053203046321869
0.0894465446472168
-0.2942858636379242
0.05427248403429985
-0.20910517871379852
-0.008327044546604156
0.1432000696659088
-0.030987907201051712
0.06805174797773361
-0.14965315163135529
0.12984508275985718
0.23087188601493835
-0.6535211801528931
0.21286314725875854
-0.41399553418159485
0.13712112605571747
0.052450425922870636
0.08234688639640808
-0.06742014735937119
0.2123112678527832
0.05371154844760895
0.14610794186592102
0.16841566562652588
-0.5513665080070496
-0.3846719563007355
-0.05509631335735321
0.16344790160655975
-0.12232550978660583
0.23159103095531464
-0.1040554940700531
-0.05604559928178787
-0.08547420054674149
-0.05946263670921326
0.18691031634807587
0.06970199197530746
-0.24033485352993011
0.22232620418071747
-0.02259330451488495
0.05466702952980995
0.07664114981889725
0.07830584049224854
0.23402751982212067
-0.5266337990760803
0.20094023644924164
-0.4070824384689331
0.3047061264514923
-0.2095903605222702
-0.04920709505677223
-0.48410457372665405
-0.009324464946985245
0.37692180275917053
0.2556965947151184
-0.2018284946680069
0.19972704350948334
-0.5148715972900391
0.18150654435157776
0.22188089787960052
-0.31673336029052734
-0.38165536522865295
0.185625821352005
0.02651848830282688
-0.6578717231750488
0.22449323534965515
-0.7709404230117798
0.23982417583465576
0.35333991050720215
0.49117133021354675
-0.298961341381073
0.17149695754051208
-0.471190482378006
-0.29163500666618347
-0.1197173073887825
-0.009268507361412048
0.03841254860162735
0.18309959769248962
0.10712729394435883
0.02238512597978115
-0.08962299674749374
0.07406579703092575
-0.10185020416975021
0.4739261269569397
0.14217758178710938
-0.5133819580078125
0.2978276014328003
-0.040044836699962616
0.037899576127529144
-0.07665099203586578
-0.7459630966186523
-0.30268600583076477
-0.5935198664665222
0.5568881034851074
0.0012067442294210196
0.09744980186223984
0.26273584365844727
0.05669478327035904
-0.10016921907663345
-0.20226743817329407
-0.19659987092018127
0.018421681597828865
-0.1762576550245285
0.32660597562789917
0.4008065164089203
-0.20776407420635223
-0.30809837579727173
-0.17335733771324158
-0.3582358956336975
0.18900655210018158
0.28933724761009216
-0.3288213014602661
-0.20319458842277527
-0.2788848578929901
0.27030953764915466
0.2492634356021881
-0.40717098116874695
0.27651116251945496
0.21977972984313965
-0.047943100333213806
0.13958780467510223
-0.3504844605922699
0.259786993265152
-0.4240953326225281
0.15003539621829987
0.17793305218219757
-0.24937427043914795
0.38647785782814026
0.18260157108306885
-0.21598263084888458
0.15398259460926056
-0.11503330618143082
0.21530109643936157
-0.7006698846817017
-0.1629553735256195
-0.04220694676041603
0.4381501078605652
-0.08284959942102432
0.07374607026576996
-0.1879245489835739
0.25273045897483826
0.011044483631849289
0.7572411894798279
-0.4558364152908325
-0.3316773772239685
0.6939238905906677
-0.24055954813957214
0.3567056655883789
-0.2687883675098419
-0.3563748002052307
-0.6926544904708862
0.11489778012037277
0.19515126943588257
0.2624024450778961
-0.17550626397132874
-0.09095525741577148
-0.1571829617023468
0.20460279285907745
-0.22368665039539337
0.1646617352962494
-0.40702033042907715
0.23266729712486267
-0.1586085706949234
0.14325523376464844
0.1407434642314911
-0.1963111013174057
-0.04887663573026657
0.18464142084121704
-0.23238494992256165
0.2312474101781845
-0.06457442790269852
-0.06684335321187973
-0.17579229176044464
0.2467764914035797
0.1559806913137436
-0.6552028059959412
-0.06907578557729721
-0.07147742062807083
0.5001605749130249
-0.38259512186050415
-0.5017075538635254
-0.24594202637672424
-0.030859485268592834
-0.2303522676229477
-0.5438905358314514
0.19172583520412445
-0.1510290503501892
0.15663215517997742
-0.2794678211212158
-0.008624881505966187
0.3223371207714081
-0.4189820885658264
0.4776192009449005
0.34083110094070435
-0.01929427497088909
0.20961594581604004
-0.08780555427074432
-0.04106316342949867
-0.45964351296424866
-0.028801370412111282
0.0782882496714592
0.1494867503643036
-0.2600194811820984
0.02201150171458721
-0.13334880769252777
0.15007813274860382
0.2192079722881317
0.08850004523992538
-0.34047719836235046
-0.04285382479429245
-0.3451590836048126
0.1403387486934662
0.13750749826431274
-0.20450147986412048
-0.01593846082687378
-0.12392871826887131
-0.1387111097574234
-0.08148215711116791
-0.15929928421974182
-0.1998898684978485
-0.11374324560165405
-0.35501018166542053
0.15535688400268555
0.1791912168264389
0.20243635773658752
-0.6507981419563293
0.3941558599472046
0.11971952766180038
-0.41260573267936707
0.1173829585313797
0.0959964394569397
-0.433562308549881
0.05850576236844063
-0.3794914484024048
-0.197169691324234
-0.040351301431655884
0.2988213896751404
-0.08382391929626465
-0.5533196330070496
0.2140990048646927
0.049744438380002975
0.16202236711978912
0.1640607863664627
-0.08560578525066376
0.16715016961097717
-0.24453222751617432
-0.10510063916444778
-0.039494868367910385
0.13981735706329346
-0.24672411382198334
0.15821482241153717
0.16800083220005035
0.030691590160131454
0.06031206622719765
-0.09265012294054031
0.11119140684604645
-0.05835955590009689
-0.44736558198928833
0.09854071587324142
0.1858530044555664
0.10220412909984589
-0.4928193688392639
0.13288408517837524
0.01590798981487751
0.13747084140777588
0.22828225791454315
0.017510566860437393
-0.3395288288593292
-0.1446254998445511
0.17535850405693054
0.002530124969780445
-0.18113787472248077
-0.15290962159633636
0.31310465931892395
0.3204325735569
-0.15691766142845154
-0.3201315999031067
-0.4361025094985962
-0.15806420147418976
-0.10396970808506012
-0.027852127328515053
0.04931733384728432
0.1891348659992218
0.13399243354797363
0.17182868719100952
-0.1375044286251068
-0.009213656187057495
0.13944070041179657
-0.2547365427017212
0.20066767930984497
-0.10538535565137863
-0.40948694944381714
0.2191716432571411
0.16396388411521912
0.407182902097702
0.30088451504707336
-0.4042937159538269
-0.617975115776062
0.14695852994918823
-0.42970573902130127
0.21396973729133606
0.11326538771390915
-0.3254508078098297
0.21028649806976318
-0.03263372555375099
-0.065797820687294
-0.14818811416625977
-0.15690967440605164
0.16717156767845154
-0.7003825306892395
0.22891736030578613
-0.013338635675609112
0.006498231086879969
0.145844504237175
0.18009939789772034
-0.22889171540737152
-0.012657205574214458
-0.5488473176956177
-0.18567535281181335
0.1287650763988495
-0.08091075718402863
0.06572898477315903
-0.3682822585105896
0.12906108796596527
-0.2120981067419052
0.07040570676326752
-0.18153932690620422
-0.35630476474761963
0.2518543004989624
-0.29798513650894165
0.051975950598716736
0.08409801125526428
0.04881496727466583
0.2235008031129837
0.09841205179691315
-0.07247167825698853
-0.6870365142822266
-0.2955155372619629
0.1969843953847885
0.07344434410333633
0.24125903844833374
-0.05462687835097313
-0.5387924313545227
-0.12425076216459274
0.0465511828660965
0.0592927560210228
0.2542915642261505
-0.6481371521949768
0.14256331324577332
-0.11493786424398422
0.18062272667884827
0.3496238887310028
0.31166207790374756
0.2720070779323578
-0.2982311248779297
0.11919275671243668
-0.5280091166496277
-0.10616005212068558
0.09681858122348785
0.0814378410577774
-0.12321123480796814
0.2090626358985901
0.08558695018291473
0.10047338157892227
-0.1958530843257904
0.0047789523378014565
-0.17414844036102295
-0.3058378994464874
0.28436586260795593
0.2512241005897522
0.11523570120334625
0.19373388588428497
0.20191676914691925
-0.24423743784427643
-0.17397195100784302
0.333671510219574
0.03962431475520134
0.28230562806129456
0.39148423075675964
-0.6120925545692444
-0.5001137256622314
-0.1955445110797882
0.012786329723894596
0.15670786798000336
0.063309445977211
-0.06579600274562836
0.12277150899171829
-0.22653736174106598
-0.10560110956430435
0.18571141362190247
0.07929596304893494
-0.5027085542678833
0.2556301951408386
-0.15784873068332672
0.23674610257148743
0.4801461398601532
-0.26449698209762573
0.05230804160237312
0.18970805406570435
-0.11257025599479675
-0.5949117541313171
-0.17030377686023712
0.19493195414543152
0.2707826495170593
-0.18283109366893768
-0.2203722596168518
0.10988394916057587
-0.11367268860340118
-0.24128201603889465
0.10495652258396149
0.029129277914762497
0.11652776598930359
0.03297688066959381
-0.39489078521728516
0.1176304891705513
-0.28852999210357666
0.24494417011737823
-0.12560270726680756
0.03986840695142746
-0.006857600528746843
-0.10262388736009598
-0.32103002071380615
-0.2135685682296753
-0.2800180912017822
-0.25232210755348206
-0.12760791182518005
-0.25903844833374023
-0.1584576815366745
0.4726574718952179
-0.4721665680408478
-0.4108494222164154
-0.2989681661128998
0.04340289905667305
0.17071211338043213
0.11733897030353546
0.02437962032854557
0.17553021013736725
0.03977365046739578
-0.47225481271743774
0.1091666892170906
-0.3528265655040741
0.09258807450532913
0.1430845856666565
0.2962018549442291
-0.4913913905620575
-0.3324631452560425
-0.4886714220046997
0.19110248982906342
-0.2486620545387268
0.41283437609672546
-0.5080455541610718
-0.12847551703453064
-0.24397490918636322
-0.18933483958244324
0.025474200025200844
0.08259841799736023
-0.1041548028588295
0.16866454482078552
0.009243355132639408
0.1297939568758011
-0.10283701121807098
-0.13016486167907715
-0.2156497836112976
-0.06024746224284172
-0.09682883322238922
0.15162013471126556
-0.12997081875801086
0.014410368166863918
0.14117534458637238
0.0814080461859703
0.07612884789705276
-0.5094112157821655
0.10362187027931213
0.1874915063381195
0.09483573585748672
-0.5550687313079834
0.1670437902212143
-0.26987695693969727
0.19729343056678772
-0.11508743464946747
-0.4377388656139374
0.02247861586511135
0.06999021023511887
0.1423836499452591
0.027395740151405334
-0.1442590057849884
0.11576004326343536
0.12468212842941284
-0.27161896228790283
0.21113118529319763
0.09518719464540482
-0.4450056254863739
0.026343459263443947
0.16276432573795319
0.2212633639574051
-0.3600309491157532
0.18588878214359283
-0.11156664788722992
-0.2987250089645386
0.19866716861724854
0.25956493616104126
0.2513187527656555
-0.22071167826652527
-0.23915357887744904
0.08925684541463852
-0.5247130990028381
0.16649742424488068
-0.06488616019487381
-0.15787431597709656
0.0651043951511383
-0.21484850347042084
0.027700040489435196
0.3612547814846039
-0.013248629868030548
0.08671679347753525
-0.0782713070511818
-0.15127597749233246
-0.1806485503911972
-0.2714516520500183
-0.3100203573703766
-0.0257001593708992
-0.09819892793893814
-0.17800605297088623
-0.2737428545951843
-0.2506285309791565
0.2511245310306549
0.28883257508277893
0.07697516679763794
-0.2853473722934723
0.2390981763601303
0.15903407335281372
-0.24622932076454163
0.2057933658361435
0.24683605134487152
-0.10527133196592331
0.7738913297653198
-0.46816954016685486
-0.25770947337150574
0.20710928738117218
-0.08654072135686874
-0.4431740641593933
0.3078966736793518
-0.050324179232120514
0.26492592692375183
-0.06448403745889664
-0.6758238673210144
-0.4276714324951172
0.042980045080184937
0.13574425876140594
0.026798086240887642
0.22421622276306152
-0.2000618726015091
-0.22138802707195282
0.03479091450572014
0.3262272775173187
-0.27431321144104004
0.31909820437431335
-0.14793607592582703
-0.2139187604188919
-0.5484645366668701
-0.19103191792964935
0.11663296818733215
0.04202408716082573
0.05879730358719826
-0.08274207264184952
0.1498197317123413
-0.2875485122203827
-0.008992082439363003
-0.09058701992034912
0.06788867712020874
0.11964680999517441
0.28352999687194824
-0.507030725479126
-0.06162923946976662
-0.3347413241863251
-0.07414126396179199
0.004076899029314518
0.1279599368572235
0.1408790647983551
-0.22710393369197845
0.22977672517299652
-0.09173870086669922
0.026305537670850754
-0.4415943920612335
-0.3085041642189026
-0.40979230403900146
0.20853839814662933
0.11628228425979614
0.026971016079187393
0.02138207107782364
0.3231140077114105
-0.07422652840614319
-0.35231903195381165
0.24346032738685608
0.32928207516670227
-0.3251022398471832
-0.23063591122627258
-0.10169830173254013
0.2547265589237213
-0.4806489646434784
0.11991248279809952
-0.07746253907680511
0.05836107209324837
-0.4313839077949524
-0.3992837369441986
0.36503657698631287
0.46865415573120117
0.014236800372600555
-0.10948725789785385
0.09945499897003174
-0.09590766578912735
0.14133411645889282
-0.0599447600543499
-0.7617332339286804
0.02118239924311638
0.15163926780223846
0.17466646432876587
0.021314658224582672
0.15725211799144745
0.059464842081069946
0.16726578772068024
0.12623728811740875
0.14112375676631927
0.19404157996177673
0.27193930745124817
0.45175233483314514
-0.19324779510498047
0.21629707515239716
0.13006798923015594
-0.28275036811828613
-0.643096387386322
-0.11645836383104324
-0.5190972089767456
-0.12295086681842804
0.061594732105731964
-0.07123409956693649
0.2180885523557663
-0.3365943729877472
-0.0999206006526947
0.18913283944129944
0.13752837479114532
-0.3549707233905792
0.0964728593826294
-0.17115789651870728
-0.09820741415023804
0.2797105014324188
0.1998368203639984
-0.5117689967155457
0.026837537065148354
-0.5670368075370789
0.17275243997573853
0.08356666564941406
-0.7111188173294067
-0.0930500477552414
-0.05274885520339012
0.09950856119394302
0.2080444097518921
0.29013773798942566
-0.4462858736515045
0.25641298294067383
-0.013942272402346134
-0.15366987884044647
0.2648717164993286
0.1689414083957672
-0.07338668406009674
-0.2794841527938843
0.33044877648353577
-0.5265003442764282
0.39640703797340393
-0.4719145894050598
0.2528524100780487
-0.39302775263786316
-0.06857804208993912
-0.4099727272987366
0.29937660694122314
-0.14057841897010803
0.07134409993886948
-0.04677006974816322
-0.41291943192481995
0.24579153954982758
0.22015167772769928
0.17758068442344666
-0.2441975474357605
-0.023433709517121315
0.24505873024463654
-0.17436185479164124
0.21196046471595764
0.19338376820087433
-0.41715338826179504
0.14565575122833252
-0.33259570598602295
0.1073695719242096
-0.102981798350811
0.030251625925302505
-0.19846682250499725
0.3814494013786316
-0.40786829590797424
-0.39015480875968933
0.09267618507146835
-0.16026706993579865
0.33450600504875183
-0.28566011786460876
-0.02392122894525528
-0.05548489838838577
-0.22591890394687653
-0.14193294942378998
0.763548731803894
0.13498903810977936
0.42789843678474426
-0.20107385516166687
-0.3699665069580078
0.22155900299549103
-0.5564249753952026
0.1520116925239563
-0.14961965382099152
0.12399636954069138
-0.20415477454662323
-0.23981553316116333
0.4106033444404602
-0.36155375838279724
0.18462254106998444
0.2626212239265442
-0.3751305043697357
0.13550367951393127
-0.2800985276699066
0.09451689571142197
-0.25587335228919983
0.13712982833385468
-0.31848958134651184
0.15868405997753143
0.031699541956186295
-0.2959637939929962
0.27210599184036255
-0.12951572239398956
-0.3551602065563202
0.0022778024431318045
-0.1656767576932907
0.11222248524427414
-0.31074169278144836
-0.2162511944770813
0.1726904958486557
0.2667171061038971
0.2384597212076187
0.06265819072723389
0.23906753957271576
-0.4426327645778656
-0.6997157335281372
-0.22919461131095886
0.18087489902973175
-0.10289794206619263
-0.13769671320915222
-0.2463429570198059
-0.07452515512704849
-0.5791621208190918
0.04960910975933075
-0.20302508771419525
0.2514795958995819
0.04233640059828758
-0.010036631487309933
0.05035968869924545
0.0880538821220398
-0.2534399628639221
-0.48477211594581604
-0.18387280404567719
0.18065014481544495
-0.5919167995452881
0.32483431696891785
0.16512224078178406
0.010942991822957993
-0.06024584174156189
-0.046523481607437134
0.32635921239852905
0.5077891945838928
0.09707141667604446
-0.1743529587984085
-0.9608271718025208
0.32027482986450195
-0.019721630960702896
0.11133453994989395
-0.6038389801979065
-0.03554084151983261
-0.2984553873538971
0.11716637760400772
-0.26816824078559875
-0.6072495579719543
-0.24473406374454498
0.28046610951423645
0.31066757440567017
-0.1137099415063858
-0.17031806707382202
0.4510519206523895
-0.11993815004825592
-0.2317754030227661
0.36477839946746826
-0.0367918498814106
-0.08656313270330429
-0.019868364557623863
0.2930445969104767
-0.3162679374217987
-0.3162769377231598
-0.7161794304847717
0.2307518571615219
0.2676026523113251
-0.259677916765213
0.2257644087076187
-0.2906157970428467
-0.31942570209503174
-0.14376167953014374
0.08636575937271118
0.06523576378822327
0.1758079081773758
-0.21707069873809814
-0.16835832595825195
-0.06224279850721359
-0.005032569169998169
0.019039178267121315
-0.08904822915792465
-0.4500695765018463
0.04335848242044449
0.07148221135139465
-0.021747704595327377
0.1611393839120865
-0.4462885558605194
0.03903093561530113
-0.14850157499313354
0.24473480880260468
0.097600556910038
0.05432992801070213
-0.20182642340660095
0.004582322668284178
-0.3241525888442993
0.26090770959854126
-0.18195617198944092
-0.38870325684547424
0.19136689603328705
0.20061592757701874
-0.09159572422504425
0.26260852813720703
0.015411837957799435
-0.07618966698646545
0.20385386049747467
-0.01446351408958435
-0.17197848856449127
0.03992601856589317
0.1494021713733673
-0.12794968485832214
-0.128930002450943
-0.3857668340206146
0.07134077697992325
0.06212347000837326
0.18420696258544922
0.11155135184526443
-0.2210487723350525
0.029143711552023888
0.1396959125995636
-0.2836875021457672
0.17758452892303467
-0.5773903131484985
-0.2691280245780945
-0.44568949937820435
0.21438097953796387
0.322126567363739
-0.27177146077156067
-0.30406710505485535
-0.3593074083328247
0.18761111795902252
-0.35283273458480835
0.278929740190506
0.6330724358558655
-0.026645755395293236
-0.3132402300834656
-0.576400637626648
-0.47293952107429504
0.046512261033058167
0.32353007793426514
0.17315460741519928
0.08522084355354309
0.0942220687866211
-0.020750774070620537
0.13996635377407074
0.11450927704572678
0.22755153477191925
-0.26531460881233215
-0.17407441139221191
0.2428000271320343
-0.983040452003479
0.1262708455324173
-0.061729058623313904
-0.27696898579597473
-0.010239716619253159
0.053802814334630966
-0.5327565670013428
-0.4981114864349365
0.0441751666367054
0.10787390917539597
0.13798977434635162
0.3313559591770172
-0.45850881934165955
-0.3889724314212799
-0.4473220109939575
0.2939787805080414
-0.2950700521469116
0.039473991841077805
-0.0719614252448082
0.6752884387969971
-0.08111029863357544
-0.3674890995025635
-0.1449640989303589
0.1694832742214203
-0.059623945504426956
-0.2450375258922577
-0.5806450247764587
0.2165071964263916
-0.11649506539106369
-0.05603896081447601
-0.5212513208389282
0.3097783029079437
0.11926114559173584
0.015020431950688362
-0.10892738401889801
-0.258455753326416
0.15266701579093933
-0.43241068720817566
-0.07113242149353027
0.06588935852050781
0.09159547835588455
-0.3652866780757904
0.2039889693260193
-0.021110910922288895
-0.21229563653469086
0.14044277369976044
0.10916530340909958
0.08763410896062851
0.28288617730140686
0.28453245759010315
-0.4504282772541046
-0.22535309195518494
0.24284525215625763
0.07697687298059464
-0.21141496300697327
-0.38387882709503174
0.17377224564552307
-0.4578624367713928
-0.2904045879840851
0.05142872780561447
-0.057496339082717896
0.008712772279977798
-0.19807977974414825
-0.11652032285928726
0.07002872228622437
0.10461189597845078
0.3505478501319885
0.043072957545518875
0.2012389451265335
0.09447929263114929
-0.44097229838371277
0.2392999529838562
0.2124209702014923
-0.057527847588062286
-0.42980390787124634
-0.17293217778205872
-0.14022690057754517
-0.0792568251490593
-0.17089878022670746
0.01232650876045227
-0.4013740122318268
0.19737818837165833
0.3317534625530243
0.29590171575546265
-0.04440361261367798
-0.44041159749031067
-0.05433875694870949
0.24830234050750732
0.08064340800046921
-0.7259882688522339
0.2593272030353546
-0.09701961278915405
0.11313927173614502
0.08784586191177368
0.22724811732769012
0.0222949031740427
0.1134202852845192
-0.26186466217041016
-0.12937067449092865
0.07846486568450928
0.10730203986167908
-0.3013511896133423
-0.29196277260780334
0.0738949105143547
-0.04133215546607971
0.18603630363941193
-0.07820288091897964
0.11390968412160873
0.017420854419469833
0.16704954206943512
0.15380807220935822
-0.03295163810253143
0.15268905460834503
-0.07548640668392181
-0.016299502924084663
0.17599952220916748
0.18974000215530396
-0.15259696543216705
0.30152153968811035
-0.11812696605920792
0.021798664703965187
-0.5620680451393127
-0.44324225187301636
0.24863162636756897
-0.2487286478281021
0.22463417053222656
0.19589795172214508
-0.17195571959018707
0.18720713257789612
-0.27170348167419434
0.08403471857309341
-0.007752322591841221
0.01828976906836033
-0.3372834026813507
0.10514353215694427
0.0814773440361023
-0.032412074506282806
-0.13719995319843292
0.17835035920143127
-0.362417072057724
-0.1271876096725464
0.08961595594882965
0.17846600711345673
-0.27220088243484497
0.0454997755587101
0.021083127707242966
-0.03069372847676277
-0.027822112664580345
0.2841537892818451
0.28152206540107727
0.09992086887359619
-0.10218457132577896
-0.28832653164863586
0.364208459854126
0.1946932077407837
-0.7663062214851379
-0.31870514154434204
0.45286130905151367
0.4546297788619995
-0.24158364534378052
-0.1020030677318573
0.30457624793052673
-0.23632949590682983
-0.0715627446770668
-0.6695232391357422
-0.5964677333831787
0.20296604931354523
0.1550132781267166
0.0065786042250692844
-0.16224130988121033
0.5119509100914001
-0.32896870374679565
-0.19470363855361938
0.09507761895656586
-0.3066909611225128
-0.13560232520103455
-0.011173869483172894
-0.5037801861763
0.12629008293151855
-0.4317731559276581
0.04800552874803543
-0.2784760892391205
0.26857197284698486
0.09664680063724518
-0.011090923100709915
0.17112240195274353
0.03520612791180611
-0.4862704873085022
-0.10340248793363571
0.06957230716943741
-0.32982495427131653
0.005909797269850969
-0.07451517879962921
-0.37609750032424927
-0.0009326718864031136
0.0713522732257843
-0.027112429961562157
-0.2868556082248688
-0.14973606169223785
-0.02311752736568451
0.18471243977546692
-0.12914156913757324
0.0318121574819088
-0.17069314420223236
0.07678939402103424
0.07581354677677155
0.13848167657852173
-0.6615467667579651
-0.17048844695091248
0.20282335579395294
-0.4103983938694
-0.03119586408138275
0.1981164515018463
0.004778371192514896
-0.2513878643512726
-0.45173734426498413
-0.6075589656829834
0.4248405992984772
-0.1363651007413864
0.16767483949661255
-0.04003569483757019
0.16311955451965332
-0.22228370606899261
0.06305595487356186
-0.16470275819301605
-0.14575456082820892
-0.37302878499031067
0.23068903386592865
-0.004701673053205013
-0.6299079060554504
0.1554846614599228
-0.19394585490226746
-0.27376338839530945
0.320270836353302
-0.2768349051475525
0.15557095408439636
0.05074886232614517
0.28530827164649963
0.16518642008304596
-0.3777391016483307
-0.06510408967733383
-0.23377849161624908
0.27376121282577515
0.29591232538223267
-0.18809397518634796
-0.6714389324188232
0.12579388916492462
0.0668966993689537
-0.5064024329185486
0.1491457223892212
-0.12123767286539078
0.31882020831108093
0.1993197649717331
0.2686834931373596
-0.40244540572166443
-0.21675468981266022
-0.10176080465316772
0.3421178162097931
-0.5482773780822754
-0.5707752108573914
0.08445146679878235
0.22913511097431183
-0.3413253128528595
0.3037436902523041
-0.4264186918735504
-0.03773438185453415
-0.0963183045387268
0.16728202998638153
-0.21104274690151215
0.004687867593020201
0.12989506125450134
-0.3891887962818146
0.15326158702373505
-0.266353577375412
-0.6610254645347595
0.23840750753879547
